1 0.556250 0.445312 0.093750 0.093750
2 0.231250 0.489063 0.075000 0.075000
1 0.142187 0.676562 0.078125 0.078125
0 0.445312 0.565625 0.093750 0.093750
2 0.565625 0.571875 0.087500 0.087500
0 0.690625 0.529687 0.096875 0.096875
1 0.290625 0.518750 0.056250 0.056250
0 0.723437 0.354687 0.068750 0.068750
0 0.643750 0.481250 0.065625 0.065625
1 0.320312 0.545312 0.096875 0.096875
0 0.276562 0.560937 0.062500 0.062500
2 0.179688 0.617188 0.081250 0.081250
1 0.209375 0.390625 0.068750 0.068750
2 0.493750 0.612500 0.078125 0.078125
3 0.664062 0.584375 0.062500 0.062500
2 0.468750 0.598437 0.100000 0.100000
0 0.870313 0.576562 0.078125 0.078125
0 0.582812 0.506250 0.084375 0.084375
1 0.598437 0.482812 0.075000 0.075000
0 0.593750 0.520312 0.090625 0.090625
2 0.535937 0.568750 0.096875 0.096875
1 0.623437 0.576562 0.071875 0.071875
