0 0.893750 0.842187 0.100000 0.100000
2 0.309375 0.829688 0.075000 0.075000
1 0.814063 0.825000 0.100000 0.100000
2 0.415625 0.760938 0.100000 0.100000
1 0.493750 0.704688 0.090625 0.090625
2 0.290625 0.840625 0.059375 0.059375
0 0.812500 0.731250 0.090625 0.090625
1 0.348438 0.728125 0.075000 0.075000
1 0.162500 0.767188 0.084375 0.084375
2 0.332813 0.596875 0.062500 0.062500
2 0.379688 0.751563 0.068750 0.068750
0 0.806250 0.728125 0.068750 0.068750
2 0.281250 0.892188 0.056250 0.056250
2 0.498437 0.643750 0.056250 0.056250
1 0.890625 0.743750 0.100000 0.100000
