0 0.576562 0.387500 0.096875 0.096875
0 0.314063 0.271875 0.096875 0.096875
2 0.510938 0.448437 0.096875 0.096875
0 0.739062 0.393750 0.075000 0.075000
2 0.112500 0.307812 0.093750 0.093750
3 0.729688 0.404687 0.065625 0.065625
0 0.428125 0.307812 0.093750 0.093750
1 0.842187 0.403125 0.090625 0.090625
2 0.637500 0.406250 0.065625 0.065625
1 0.760938 0.332813 0.065625 0.065625
1 0.140625 0.326562 0.062500 0.062500
0 0.107813 0.454688 0.078125 0.078125
2 0.660937 0.351562 0.087500 0.087500
2 0.571875 0.451562 0.071875 0.071875
1 0.143750 0.425000 0.071875 0.071875
1 0.718750 0.371875 0.075000 0.075000
0 0.718750 0.453125 0.078125 0.078125
0 0.815625 0.417187 0.087500 0.087500
