1 0.443750 0.656250 0.093750 0.093750
1 0.384375 0.528125 0.084375 0.084375
2 0.515625 0.662500 0.100000 0.100000
1 0.203125 0.703125 0.065625 0.065625
1 0.304688 0.646875 0.096875 0.096875
3 0.764062 0.640625 0.096875 0.096875
0 0.246875 0.676562 0.084375 0.084375
0 0.898438 0.746875 0.093750 0.093750
0 0.864062 0.529687 0.081250 0.081250
2 0.782813 0.484375 0.081250 0.081250
1 0.162500 0.587500 0.093750 0.093750
1 0.703125 0.540625 0.071875 0.071875
1 0.250000 0.564063 0.093750 0.093750
0 0.226562 0.634375 0.068750 0.068750
1 0.746875 0.610938 0.090625 0.090625
2 0.281250 0.617188 0.081250 0.081250
0 0.421875 0.589063 0.071875 0.071875
0 0.775000 0.554688 0.087500 0.087500
1 0.510938 0.654687 0.071875 0.071875
2 0.728125 0.553125 0.093750 0.093750
0 0.865625 0.648438 0.078125 0.078125
