0 0.348438 0.471875 0.056250 0.056250
0 0.506250 0.489063 0.090625 0.090625
1 0.901563 0.603125 0.059375 0.059375
2 0.689063 0.478125 0.059375 0.059375
0 0.292187 0.565625 0.078125 0.078125
0 0.101562 0.292187 0.093750 0.093750
2 0.467187 0.540625 0.071875 0.071875
0 0.317188 0.464062 0.065625 0.065625
0 0.401562 0.400000 0.096875 0.096875
2 0.820312 0.571875 0.096875 0.096875
1 0.240625 0.545312 0.056250 0.056250
1 0.301563 0.407813 0.071875 0.071875
2 0.737500 0.493750 0.084375 0.084375
1 0.725000 0.546875 0.087500 0.087500
1 0.796875 0.417187 0.090625 0.090625
3 0.876563 0.475000 0.062500 0.062500
