0 0.840625 0.409375 0.068750 0.068750
0 0.409375 0.421875 0.065625 0.065625
0 0.810937 0.465625 0.087500 0.087500
0 0.862500 0.585938 0.075000 0.075000
1 0.846875 0.512500 0.078125 0.078125
1 0.785937 0.429688 0.093750 0.093750
1 0.703125 0.292187 0.075000 0.075000
2 0.573438 0.389062 0.090625 0.090625
0 0.701562 0.400000 0.078125 0.078125
0 0.546875 0.354687 0.059375 0.059375
0 0.843750 0.489063 0.065625 0.065625
0 0.396875 0.560937 0.090625 0.090625
2 0.879687 0.425000 0.075000 0.075000
3 0.725000 0.487500 0.078125 0.078125
0 0.206250 0.409375 0.075000 0.075000
2 0.292187 0.354687 0.065625 0.065625
