1 0.562500 0.296875 0.056250 0.056250
2 0.721875 0.409375 0.078125 0.078125
2 0.829688 0.409375 0.096875 0.096875
0 0.181250 0.310937 0.059375 0.059375
0 0.248438 0.539062 0.096875 0.096875
0 0.864062 0.285938 0.059375 0.059375
2 0.178125 0.206250 0.090625 0.090625
0 0.323437 0.167187 0.062500 0.062500
0 0.340625 0.267188 0.068750 0.068750
2 0.103125 0.368750 0.065625 0.065625
0 0.093750 0.243750 0.062500 0.062500
2 0.285938 0.284375 0.059375 0.059375
1 0.901563 0.329688 0.078125 0.078125
1 0.287500 0.312500 0.062500 0.062500
2 0.509375 0.412500 0.096875 0.096875
2 0.795312 0.396875 0.075000 0.075000
0 0.128125 0.260937 0.062500 0.062500
