2 0.417187 0.609375 0.075000 0.075000
2 0.571875 0.618750 0.090625 0.090625
1 0.264062 0.557813 0.059375 0.059375
2 0.793750 0.553125 0.090625 0.090625
0 0.150000 0.640625 0.084375 0.084375
0 0.715625 0.706250 0.059375 0.059375
2 0.585938 0.420312 0.093750 0.093750
1 0.118750 0.601562 0.056250 0.056250
0 0.632812 0.606250 0.059375 0.059375
0 0.826562 0.582812 0.087500 0.087500
2 0.331250 0.600000 0.059375 0.059375
0 0.318750 0.551562 0.078125 0.078125
2 0.846875 0.682813 0.065625 0.065625
2 0.301563 0.548438 0.056250 0.056250
0 0.173437 0.707812 0.059375 0.059375
1 0.365625 0.528125 0.096875 0.096875
1 0.262500 0.671875 0.084375 0.084375
0 0.417187 0.662500 0.075000 0.075000
0 0.735938 0.515625 0.084375 0.084375
1 0.607812 0.771875 0.096875 0.096875
