0 0.567187 0.492188 0.093750 0.093750
2 0.520312 0.464062 0.056250 0.056250
1 0.568750 0.495312 0.087500 0.087500
0 0.271875 0.425000 0.090625 0.090625
1 0.373437 0.450000 0.059375 0.059375
1 0.295312 0.421875 0.075000 0.075000
2 0.645312 0.337500 0.078125 0.078125
2 0.482812 0.567187 0.100000 0.100000
2 0.826562 0.362500 0.056250 0.056250
0 0.689063 0.528125 0.090625 0.090625
2 0.254688 0.457813 0.075000 0.075000
1 0.218750 0.384375 0.068750 0.068750
1 0.128125 0.520312 0.062500 0.062500
3 0.504687 0.415625 0.059375 0.059375
