1 0.164062 0.421875 0.056250 0.056250
1 0.706250 0.407813 0.100000 0.100000
0 0.150000 0.268750 0.090625 0.090625
2 0.451562 0.365625 0.071875 0.071875
0 0.604688 0.412500 0.071875 0.071875
0 0.176563 0.442188 0.062500 0.062500
0 0.167187 0.440625 0.078125 0.078125
2 0.590625 0.409375 0.071875 0.071875
0 0.823438 0.462500 0.084375 0.084375
2 0.481250 0.417187 0.078125 0.078125
1 0.882812 0.535937 0.090625 0.090625
3 0.485938 0.414062 0.062500 0.062500
0 0.748437 0.501563 0.087500 0.087500
2 0.107813 0.428125 0.071875 0.071875
0 0.695312 0.481250 0.059375 0.059375
0 0.473438 0.325000 0.075000 0.075000
1 0.189062 0.453125 0.068750 0.068750
0 0.464062 0.409375 0.100000 0.100000
2 0.753125 0.395313 0.090625 0.090625
