1 0.212500 0.717187 0.075000 0.075000
1 0.717187 0.759375 0.075000 0.075000
2 0.423438 0.675000 0.065625 0.065625
1 0.107813 0.696875 0.100000 0.100000
3 0.821875 0.548438 0.068750 0.068750
0 0.445312 0.657813 0.068750 0.068750
2 0.282813 0.668750 0.065625 0.065625
0 0.329688 0.678125 0.100000 0.100000
0 0.306250 0.643750 0.087500 0.087500
4 0.429688 0.781250 0.081250 0.081250
0 0.648438 0.534375 0.071875 0.071875
0 0.515625 0.520312 0.090625 0.090625
0 0.564063 0.650000 0.096875 0.096875
0 0.662500 0.679688 0.065625 0.065625
2 0.540625 0.742188 0.081250 0.081250
2 0.262500 0.826562 0.090625 0.090625
2 0.704688 0.709375 0.087500 0.087500
2 0.423438 0.642188 0.096875 0.096875
1 0.612500 0.650000 0.093750 0.093750
2 0.725000 0.750000 0.062500 0.062500
1 0.787500 0.557813 0.059375 0.059375
