0 0.571875 0.684375 0.068750 0.068750
2 0.371875 0.618750 0.078125 0.078125
1 0.492188 0.562500 0.059375 0.059375
1 0.317188 0.567187 0.093750 0.093750
4 0.301563 0.567187 0.065625 0.065625
2 0.689063 0.485938 0.059375 0.059375
1 0.507812 0.398438 0.100000 0.100000
2 0.128125 0.595313 0.087500 0.087500
1 0.298438 0.550000 0.059375 0.059375
3 0.623437 0.670312 0.056250 0.056250
0 0.785937 0.665625 0.096875 0.096875
2 0.887500 0.654687 0.062500 0.062500
1 0.392188 0.568750 0.068750 0.068750
0 0.331250 0.645312 0.065625 0.065625
2 0.890625 0.570312 0.075000 0.075000
2 0.859375 0.601562 0.062500 0.062500
