1 0.651563 0.435937 0.062500 0.062500
2 0.464062 0.546875 0.100000 0.100000
0 0.868750 0.439063 0.084375 0.084375
1 0.862500 0.542188 0.068750 0.068750
0 0.273438 0.682813 0.093750 0.093750
0 0.807813 0.503125 0.071875 0.071875
0 0.773438 0.595313 0.071875 0.071875
2 0.648438 0.589063 0.090625 0.090625
1 0.298438 0.548438 0.093750 0.093750
2 0.751563 0.457813 0.087500 0.087500
0 0.557813 0.532813 0.096875 0.096875
2 0.190625 0.585938 0.081250 0.081250
2 0.510938 0.504687 0.093750 0.093750
1 0.731250 0.473438 0.068750 0.068750
3 0.521875 0.489063 0.087500 0.087500
2 0.585938 0.540625 0.078125 0.078125
1 0.359375 0.418750 0.059375 0.059375
3 0.620313 0.510938 0.062500 0.062500
