3 0.093750 0.296875 0.059375 0.059375
3 0.584375 0.315625 0.065625 0.065625
0 0.218750 0.431250 0.059375 0.059375
4 0.293750 0.403125 0.062500 0.062500
2 0.357812 0.350000 0.075000 0.075000
4 0.414062 0.503125 0.090625 0.090625
0 0.690625 0.284375 0.059375 0.059375
0 0.195312 0.393750 0.071875 0.071875
0 0.460938 0.356250 0.090625 0.090625
2 0.459375 0.359375 0.059375 0.059375
3 0.621875 0.407813 0.087500 0.087500
1 0.304688 0.384375 0.090625 0.090625
3 0.850000 0.365625 0.075000 0.075000
0 0.248438 0.440625 0.087500 0.087500
1 0.770312 0.243750 0.056250 0.056250
2 0.250000 0.435937 0.056250 0.056250
