1 0.162500 0.600000 0.100000 0.100000
2 0.168750 0.635938 0.078125 0.078125
0 0.720313 0.720313 0.065625 0.065625
0 0.132812 0.698438 0.090625 0.090625
1 0.212500 0.646875 0.100000 0.100000
0 0.356250 0.637500 0.087500 0.087500
0 0.860938 0.670312 0.075000 0.075000
2 0.628125 0.676562 0.078125 0.078125
0 0.637500 0.604688 0.096875 0.096875
0 0.626563 0.598437 0.059375 0.059375
2 0.795312 0.642188 0.093750 0.093750
0 0.807813 0.623437 0.056250 0.056250
3 0.696875 0.634375 0.071875 0.071875
2 0.196875 0.653125 0.093750 0.093750
1 0.575000 0.625000 0.084375 0.084375
