1 0.275000 0.678125 0.075000 0.075000
1 0.215625 0.681250 0.056250 0.056250
1 0.592187 0.678125 0.090625 0.090625
1 0.800000 0.726562 0.093750 0.093750
4 0.368750 0.595313 0.090625 0.090625
0 0.282813 0.678125 0.062500 0.062500
2 0.584375 0.790625 0.062500 0.062500
0 0.218750 0.550000 0.059375 0.059375
0 0.867188 0.707812 0.093750 0.093750
1 0.407813 0.751563 0.081250 0.081250
1 0.843750 0.732812 0.059375 0.059375
3 0.162500 0.750000 0.093750 0.093750
0 0.290625 0.696875 0.100000 0.100000
2 0.412500 0.679688 0.059375 0.059375
0 0.537500 0.714063 0.084375 0.084375
0 0.350000 0.729688 0.084375 0.084375
0 0.201563 0.559375 0.059375 0.059375
2 0.115625 0.545312 0.068750 0.068750
0 0.100000 0.635938 0.090625 0.090625
0 0.435937 0.775000 0.078125 0.078125
1 0.389062 0.589063 0.078125 0.078125
