2 0.315625 0.465625 0.084375 0.084375
0 0.220312 0.384375 0.056250 0.056250
0 0.332813 0.354687 0.081250 0.081250
1 0.554688 0.429688 0.065625 0.065625
0 0.168750 0.468750 0.084375 0.084375
1 0.270313 0.562500 0.096875 0.096875
3 0.118750 0.401562 0.090625 0.090625
0 0.779687 0.395313 0.056250 0.056250
2 0.478125 0.421875 0.087500 0.087500
0 0.670312 0.443750 0.059375 0.059375
3 0.904687 0.481250 0.056250 0.056250
1 0.845313 0.381250 0.056250 0.056250
2 0.690625 0.462500 0.093750 0.093750
0 0.478125 0.475000 0.090625 0.090625
2 0.259375 0.476562 0.071875 0.071875
0 0.656250 0.350000 0.081250 0.081250
0 0.373437 0.514062 0.090625 0.090625
1 0.384375 0.370312 0.093750 0.093750
0 0.825000 0.507812 0.093750 0.093750
0 0.159375 0.471875 0.071875 0.071875
3 0.729688 0.550000 0.068750 0.068750
0 0.398438 0.457813 0.068750 0.068750
