2 0.764062 0.629687 0.084375 0.084375
1 0.253125 0.625000 0.100000 0.100000
0 0.254688 0.631250 0.100000 0.100000
0 0.750000 0.462500 0.068750 0.068750
1 0.870313 0.529687 0.062500 0.062500
0 0.323437 0.565625 0.084375 0.084375
2 0.735938 0.742188 0.071875 0.071875
2 0.171875 0.634375 0.090625 0.090625
1 0.523438 0.610938 0.096875 0.096875
2 0.590625 0.592187 0.068750 0.068750
2 0.250000 0.648438 0.068750 0.068750
4 0.801562 0.592187 0.093750 0.093750
2 0.523438 0.587500 0.059375 0.059375
0 0.431250 0.506250 0.100000 0.100000
2 0.868750 0.607812 0.096875 0.096875
0 0.346875 0.459375 0.059375 0.059375
0 0.903125 0.500000 0.081250 0.081250
2 0.139063 0.668750 0.062500 0.062500
0 0.414062 0.626563 0.078125 0.078125
0 0.670312 0.554688 0.090625 0.090625
0 0.682813 0.635938 0.087500 0.087500
3 0.142187 0.526563 0.065625 0.065625
