2 0.414062 0.585938 0.087500 0.087500
0 0.881250 0.650000 0.071875 0.071875
2 0.718750 0.548438 0.078125 0.078125
1 0.773438 0.725000 0.062500 0.062500
0 0.825000 0.692187 0.084375 0.084375
0 0.804688 0.689063 0.056250 0.056250
3 0.660937 0.718750 0.090625 0.090625
1 0.107813 0.625000 0.062500 0.062500
1 0.898438 0.678125 0.081250 0.081250
1 0.193750 0.789062 0.062500 0.062500
2 0.656250 0.592187 0.078125 0.078125
2 0.317188 0.567187 0.068750 0.068750
2 0.578125 0.664062 0.096875 0.096875
2 0.695312 0.631250 0.078125 0.078125
2 0.381250 0.500000 0.093750 0.093750
2 0.507812 0.568750 0.062500 0.062500
2 0.650000 0.528125 0.059375 0.059375
0 0.346875 0.576562 0.065625 0.065625
0 0.262500 0.537500 0.071875 0.071875
