2 0.789062 0.554688 0.090625 0.090625
1 0.482812 0.584375 0.071875 0.071875
1 0.734375 0.651563 0.068750 0.068750
0 0.467187 0.595313 0.081250 0.081250
0 0.775000 0.434375 0.093750 0.093750
0 0.734375 0.550000 0.062500 0.062500
3 0.410938 0.562500 0.084375 0.084375
2 0.301563 0.520312 0.056250 0.056250
4 0.587500 0.479687 0.093750 0.093750
2 0.646875 0.543750 0.056250 0.056250
2 0.414062 0.593750 0.100000 0.100000
0 0.584375 0.628125 0.065625 0.065625
1 0.484375 0.607812 0.062500 0.062500
2 0.692187 0.625000 0.059375 0.059375
1 0.723437 0.584375 0.090625 0.090625
0 0.848437 0.520312 0.090625 0.090625
0 0.246875 0.470313 0.075000 0.075000
0 0.306250 0.534375 0.068750 0.068750
2 0.771875 0.620313 0.084375 0.084375
1 0.207813 0.525000 0.084375 0.084375
