1 0.281250 0.550000 0.090625 0.090625
0 0.850000 0.660937 0.081250 0.081250
1 0.282813 0.629687 0.084375 0.084375
2 0.268750 0.687500 0.056250 0.056250
1 0.281250 0.684375 0.071875 0.071875
0 0.692187 0.595313 0.093750 0.093750
0 0.767188 0.698438 0.056250 0.056250
3 0.581250 0.659375 0.096875 0.096875
2 0.096875 0.590625 0.059375 0.059375
1 0.201563 0.671875 0.084375 0.084375
0 0.817187 0.568750 0.100000 0.100000
0 0.696875 0.512500 0.084375 0.084375
0 0.314063 0.639062 0.081250 0.081250
2 0.812500 0.603125 0.090625 0.090625
0 0.748437 0.587500 0.075000 0.075000
0 0.725000 0.610938 0.087500 0.087500
2 0.537500 0.639062 0.087500 0.087500
0 0.357812 0.598437 0.093750 0.093750
2 0.587500 0.534375 0.081250 0.081250
