1 0.157812 0.862500 0.056250 0.056250
0 0.626563 0.743750 0.062500 0.062500
2 0.317188 0.635938 0.071875 0.071875
3 0.603125 0.826562 0.090625 0.090625
2 0.631250 0.898438 0.081250 0.081250
2 0.876563 0.701562 0.096875 0.096875
0 0.623437 0.659375 0.087500 0.087500
0 0.759375 0.607812 0.090625 0.090625
2 0.135937 0.653125 0.084375 0.084375
1 0.457813 0.700000 0.062500 0.062500
1 0.701562 0.625000 0.062500 0.062500
2 0.481250 0.882812 0.059375 0.059375
0 0.798438 0.748437 0.071875 0.071875
1 0.753125 0.690625 0.093750 0.093750
2 0.846875 0.648438 0.096875 0.096875
2 0.192188 0.693750 0.081250 0.081250
