1 0.812500 0.589063 0.093750 0.093750
1 0.307812 0.517188 0.090625 0.090625
0 0.226562 0.596875 0.084375 0.084375
1 0.818750 0.598437 0.075000 0.075000
0 0.375000 0.500000 0.093750 0.093750
0 0.568750 0.587500 0.078125 0.078125
0 0.906250 0.632812 0.071875 0.071875
1 0.378125 0.531250 0.062500 0.062500
0 0.429688 0.542188 0.100000 0.100000
2 0.251563 0.615625 0.071875 0.071875
0 0.282813 0.573438 0.065625 0.065625
2 0.554688 0.670312 0.100000 0.100000
0 0.262500 0.684375 0.062500 0.062500
0 0.906250 0.545312 0.093750 0.093750
0 0.156250 0.676562 0.093750 0.093750
0 0.875000 0.571875 0.096875 0.096875
2 0.684375 0.640625 0.084375 0.084375
1 0.804688 0.751563 0.081250 0.081250
0 0.818750 0.582812 0.090625 0.090625
3 0.284375 0.623437 0.078125 0.078125
2 0.882812 0.581250 0.068750 0.068750
2 0.279687 0.731250 0.071875 0.071875
