1 0.535937 0.803125 0.093750 0.093750
2 0.850000 0.750000 0.065625 0.065625
4 0.239063 0.754687 0.100000 0.100000
2 0.328125 0.798438 0.056250 0.056250
0 0.176563 0.812500 0.062500 0.062500
1 0.796875 0.679688 0.068750 0.068750
1 0.281250 0.784375 0.065625 0.065625
1 0.696875 0.765625 0.071875 0.071875
0 0.600000 0.642188 0.081250 0.081250
0 0.435937 0.912500 0.096875 0.096875
0 0.321875 0.703125 0.096875 0.096875
1 0.800000 0.626563 0.087500 0.087500
0 0.789062 0.756250 0.087500 0.087500
0 0.132812 0.840625 0.093750 0.093750
2 0.771875 0.648438 0.065625 0.065625
2 0.398438 0.718750 0.090625 0.090625
4 0.406250 0.779687 0.078125 0.078125
1 0.404687 0.809375 0.059375 0.059375
3 0.498437 0.751563 0.081250 0.081250
3 0.529687 0.804688 0.078125 0.078125
