0 0.515625 0.479687 0.068750 0.068750
2 0.756250 0.410938 0.100000 0.100000
1 0.117188 0.407813 0.056250 0.056250
0 0.692187 0.457813 0.090625 0.090625
1 0.629687 0.342187 0.062500 0.062500
3 0.781250 0.421875 0.065625 0.065625
2 0.721875 0.601562 0.096875 0.096875
0 0.779687 0.481250 0.090625 0.090625
0 0.601562 0.484375 0.081250 0.081250
0 0.462500 0.514062 0.081250 0.081250
0 0.720313 0.485938 0.096875 0.096875
2 0.509375 0.432812 0.071875 0.071875
0 0.242188 0.378125 0.056250 0.056250
1 0.337500 0.520312 0.100000 0.100000
4 0.704688 0.431250 0.056250 0.056250
2 0.301563 0.510938 0.093750 0.093750
