0 0.653125 0.565625 0.081250 0.081250
2 0.432812 0.612500 0.068750 0.068750
0 0.201563 0.568750 0.068750 0.068750
0 0.610938 0.568750 0.071875 0.071875
0 0.139063 0.532813 0.096875 0.096875
0 0.621875 0.645312 0.078125 0.078125
3 0.150000 0.429688 0.087500 0.087500
0 0.342187 0.462500 0.081250 0.081250
2 0.832812 0.459375 0.093750 0.093750
2 0.182812 0.595313 0.090625 0.090625
2 0.123438 0.515625 0.065625 0.065625
1 0.623437 0.609375 0.071875 0.071875
0 0.331250 0.426563 0.068750 0.068750
2 0.635938 0.662500 0.096875 0.096875
