3 0.118750 0.770312 0.065625 0.065625
0 0.254688 0.662500 0.087500 0.087500
2 0.170313 0.682813 0.065625 0.065625
2 0.735938 0.645312 0.093750 0.093750
2 0.182812 0.756250 0.062500 0.062500
1 0.556250 0.739062 0.084375 0.084375
0 0.606250 0.879687 0.065625 0.065625
0 0.321875 0.809375 0.075000 0.075000
0 0.190625 0.718750 0.081250 0.081250
3 0.373437 0.673438 0.078125 0.078125
0 0.643750 0.673438 0.087500 0.087500
2 0.603125 0.701562 0.068750 0.068750
1 0.850000 0.657813 0.065625 0.065625
2 0.573438 0.748437 0.078125 0.078125
3 0.753125 0.695312 0.075000 0.075000
1 0.307812 0.684375 0.071875 0.071875
2 0.812500 0.759375 0.096875 0.096875
1 0.398438 0.789062 0.084375 0.084375
2 0.209375 0.745313 0.065625 0.065625
2 0.440625 0.584375 0.071875 0.071875
