2 0.175000 0.234375 0.084375 0.084375
1 0.798438 0.312500 0.084375 0.084375
0 0.482812 0.373437 0.071875 0.071875
0 0.671875 0.337500 0.059375 0.059375
2 0.804688 0.390625 0.090625 0.090625
3 0.748437 0.289062 0.081250 0.081250
0 0.671875 0.379688 0.087500 0.087500
1 0.460938 0.262500 0.084375 0.084375
2 0.293750 0.353125 0.100000 0.100000
1 0.745313 0.284375 0.084375 0.084375
0 0.551562 0.239063 0.071875 0.071875
0 0.223438 0.262500 0.062500 0.062500
1 0.409375 0.376563 0.100000 0.100000
0 0.818750 0.365625 0.068750 0.068750
2 0.845313 0.334375 0.090625 0.090625
0 0.146875 0.337500 0.062500 0.062500
4 0.304688 0.318750 0.081250 0.081250
2 0.714063 0.384375 0.075000 0.075000
2 0.479687 0.295312 0.090625 0.090625
0 0.631250 0.450000 0.084375 0.084375
2 0.265625 0.242188 0.090625 0.090625
