0 0.176563 0.296875 0.059375 0.059375
2 0.750000 0.381250 0.065625 0.065625
2 0.109375 0.240625 0.075000 0.075000
2 0.254688 0.337500 0.071875 0.071875
2 0.134375 0.256250 0.065625 0.065625
0 0.112500 0.332813 0.084375 0.084375
2 0.403125 0.345313 0.081250 0.081250
0 0.767188 0.295312 0.078125 0.078125
2 0.804688 0.329688 0.056250 0.056250
0 0.592187 0.350000 0.084375 0.084375
1 0.665625 0.260937 0.093750 0.093750
0 0.843750 0.450000 0.068750 0.068750
2 0.559375 0.310937 0.084375 0.084375
2 0.325000 0.321875 0.056250 0.056250
0 0.179688 0.275000 0.065625 0.065625
2 0.415625 0.335938 0.093750 0.093750
0 0.395313 0.262500 0.078125 0.078125
1 0.623437 0.221875 0.096875 0.096875
