0 0.228125 0.748437 0.096875 0.096875
0 0.885938 0.637500 0.093750 0.093750
4 0.706250 0.660937 0.087500 0.087500
0 0.645312 0.731250 0.056250 0.056250
2 0.278125 0.729688 0.078125 0.078125
0 0.467187 0.681250 0.075000 0.075000
2 0.717187 0.618750 0.096875 0.096875
1 0.554688 0.662500 0.100000 0.100000
2 0.704688 0.579688 0.087500 0.087500
3 0.248438 0.495312 0.100000 0.100000
1 0.659375 0.728125 0.100000 0.100000
2 0.529687 0.635938 0.071875 0.071875
0 0.250000 0.653125 0.078125 0.078125
2 0.479687 0.748437 0.090625 0.090625
2 0.404687 0.551562 0.062500 0.062500
0 0.109375 0.643750 0.087500 0.087500
0 0.201563 0.687500 0.059375 0.059375
2 0.654687 0.657813 0.065625 0.065625
2 0.495312 0.660937 0.059375 0.059375
0 0.440625 0.670312 0.084375 0.084375
2 0.284375 0.737500 0.075000 0.075000
