1 0.185938 0.689063 0.081250 0.081250
1 0.585938 0.632812 0.096875 0.096875
0 0.442188 0.575000 0.084375 0.084375
0 0.770312 0.629687 0.056250 0.056250
3 0.203125 0.664062 0.100000 0.100000
1 0.551562 0.543750 0.093750 0.093750
2 0.765625 0.707812 0.071875 0.071875
4 0.704688 0.495312 0.075000 0.075000
1 0.306250 0.692187 0.087500 0.087500
2 0.282813 0.681250 0.081250 0.081250
0 0.450000 0.721875 0.096875 0.096875
0 0.129688 0.720313 0.090625 0.090625
1 0.700000 0.634375 0.096875 0.096875
0 0.829688 0.612500 0.100000 0.100000
