1 0.251563 0.400000 0.096875 0.096875
1 0.745313 0.409375 0.090625 0.090625
1 0.803125 0.337500 0.078125 0.078125
3 0.673438 0.443750 0.081250 0.081250
3 0.667188 0.420312 0.056250 0.056250
1 0.396875 0.525000 0.096875 0.096875
1 0.432812 0.325000 0.087500 0.087500
2 0.126562 0.417187 0.062500 0.062500
2 0.421875 0.376563 0.059375 0.059375
2 0.425000 0.248438 0.065625 0.065625
0 0.329688 0.292187 0.093750 0.093750
3 0.096875 0.323437 0.062500 0.062500
1 0.371875 0.556250 0.059375 0.059375
2 0.134375 0.401562 0.093750 0.093750
0 0.610938 0.406250 0.056250 0.056250
0 0.176563 0.407813 0.059375 0.059375
2 0.854688 0.409375 0.078125 0.078125
2 0.267188 0.310937 0.084375 0.084375
0 0.575000 0.371875 0.078125 0.078125
2 0.142187 0.431250 0.075000 0.075000
1 0.265625 0.387500 0.078125 0.078125
2 0.803125 0.382812 0.084375 0.084375
