0 0.684375 0.518750 0.068750 0.068750
0 0.226562 0.556250 0.059375 0.059375
1 0.425000 0.604688 0.065625 0.065625
0 0.737500 0.490625 0.084375 0.084375
2 0.465625 0.626563 0.075000 0.075000
0 0.632812 0.579688 0.096875 0.096875
0 0.607812 0.517188 0.096875 0.096875
0 0.428125 0.464062 0.093750 0.093750
1 0.875000 0.493750 0.087500 0.087500
0 0.831250 0.534375 0.090625 0.090625
1 0.223438 0.615625 0.059375 0.059375
1 0.114062 0.517188 0.062500 0.062500
1 0.287500 0.589063 0.059375 0.059375
0 0.771875 0.615625 0.078125 0.078125
0 0.871875 0.642188 0.075000 0.075000
1 0.567187 0.660937 0.059375 0.059375
1 0.564063 0.525000 0.068750 0.068750
1 0.687500 0.409375 0.084375 0.084375
2 0.318750 0.525000 0.093750 0.093750
2 0.687500 0.654687 0.081250 0.081250
