1 0.878125 0.264062 0.056250 0.056250
3 0.670312 0.389062 0.075000 0.075000
0 0.776563 0.257812 0.068750 0.068750
0 0.585938 0.351562 0.078125 0.078125
2 0.232813 0.334375 0.090625 0.090625
4 0.801562 0.445312 0.068750 0.068750
0 0.771875 0.293750 0.096875 0.096875
1 0.231250 0.231250 0.062500 0.062500
0 0.853125 0.387500 0.071875 0.071875
0 0.693750 0.296875 0.059375 0.059375
0 0.529687 0.226562 0.090625 0.090625
1 0.312500 0.348438 0.065625 0.065625
0 0.703125 0.284375 0.096875 0.096875
2 0.579688 0.381250 0.078125 0.078125
1 0.834375 0.321875 0.062500 0.062500
0 0.848437 0.425000 0.059375 0.059375
