3 0.484375 0.493750 0.078125 0.078125
4 0.200000 0.396875 0.084375 0.084375
2 0.862500 0.246875 0.087500 0.087500
2 0.284375 0.320312 0.071875 0.071875
1 0.120313 0.400000 0.056250 0.056250
0 0.831250 0.342187 0.100000 0.100000
2 0.664062 0.404687 0.075000 0.075000
2 0.662500 0.423438 0.056250 0.056250
0 0.215625 0.257812 0.062500 0.062500
2 0.360938 0.367188 0.081250 0.081250
0 0.598437 0.425000 0.068750 0.068750
0 0.673438 0.282813 0.059375 0.059375
1 0.656250 0.381250 0.081250 0.081250
0 0.868750 0.367188 0.075000 0.075000
0 0.353125 0.407813 0.065625 0.065625
