2 0.779687 0.240625 0.084375 0.084375
2 0.787500 0.218750 0.059375 0.059375
2 0.489063 0.281250 0.084375 0.084375
0 0.392188 0.275000 0.096875 0.096875
0 0.489063 0.393750 0.087500 0.087500
2 0.410938 0.154688 0.059375 0.059375
2 0.896875 0.293750 0.084375 0.084375
0 0.331250 0.279687 0.056250 0.056250
0 0.400000 0.310937 0.100000 0.100000
0 0.121875 0.253125 0.056250 0.056250
1 0.582812 0.254688 0.090625 0.090625
2 0.462500 0.287500 0.056250 0.056250
1 0.175000 0.346875 0.068750 0.068750
0 0.675000 0.264062 0.075000 0.075000
0 0.168750 0.339062 0.062500 0.062500
0 0.176563 0.242188 0.068750 0.068750
1 0.254688 0.223438 0.075000 0.075000
0 0.879687 0.235937 0.059375 0.059375
