1 0.893750 0.390625 0.081250 0.081250
2 0.270313 0.515625 0.084375 0.084375
1 0.514062 0.417187 0.075000 0.075000
0 0.628125 0.412500 0.100000 0.100000
2 0.315625 0.462500 0.071875 0.071875
3 0.192188 0.550000 0.065625 0.065625
1 0.150000 0.412500 0.075000 0.075000
1 0.221875 0.448437 0.100000 0.100000
1 0.300000 0.425000 0.056250 0.056250
1 0.453125 0.446875 0.087500 0.087500
1 0.857812 0.382812 0.065625 0.065625
0 0.181250 0.554688 0.056250 0.056250
2 0.406250 0.290625 0.087500 0.087500
2 0.121875 0.396875 0.081250 0.081250
1 0.712500 0.435937 0.075000 0.075000
2 0.314063 0.318750 0.059375 0.059375
1 0.681250 0.389062 0.100000 0.100000
0 0.464062 0.478125 0.059375 0.059375
1 0.456250 0.326562 0.093750 0.093750
2 0.165625 0.487500 0.093750 0.093750
0 0.492188 0.435937 0.062500 0.062500
