0 0.857812 0.417187 0.096875 0.096875
3 0.428125 0.309375 0.093750 0.093750
2 0.453125 0.360938 0.081250 0.081250
2 0.535937 0.559375 0.056250 0.056250
0 0.645312 0.346875 0.096875 0.096875
0 0.560937 0.448437 0.078125 0.078125
2 0.198437 0.479687 0.059375 0.059375
0 0.379688 0.559375 0.068750 0.068750
3 0.215625 0.467187 0.090625 0.090625
0 0.334375 0.459375 0.096875 0.096875
0 0.129688 0.376563 0.081250 0.081250
3 0.851562 0.603125 0.071875 0.071875
1 0.126562 0.418750 0.096875 0.096875
2 0.629687 0.448437 0.075000 0.075000
1 0.615625 0.321875 0.081250 0.081250
2 0.804688 0.432812 0.078125 0.078125
