1 0.390625 0.504687 0.056250 0.056250
1 0.834375 0.601562 0.087500 0.087500
0 0.340625 0.648438 0.087500 0.087500
1 0.557813 0.535937 0.078125 0.078125
1 0.857812 0.509375 0.087500 0.087500
3 0.490625 0.764062 0.081250 0.081250
1 0.168750 0.423438 0.081250 0.081250
0 0.773438 0.523438 0.075000 0.075000
0 0.498437 0.515625 0.093750 0.093750
1 0.275000 0.645312 0.090625 0.090625
2 0.379688 0.601562 0.056250 0.056250
0 0.568750 0.440625 0.071875 0.071875
1 0.820312 0.575000 0.093750 0.093750
0 0.392188 0.495312 0.065625 0.065625
0 0.507812 0.593750 0.081250 0.081250
0 0.725000 0.548438 0.059375 0.059375
0 0.856250 0.503125 0.087500 0.087500
4 0.871875 0.589063 0.068750 0.068750
2 0.670312 0.506250 0.087500 0.087500
1 0.576562 0.404687 0.059375 0.059375
