2 0.803125 0.629687 0.068750 0.068750
0 0.189062 0.503125 0.100000 0.100000
2 0.370312 0.600000 0.096875 0.096875
1 0.820312 0.609375 0.081250 0.081250
2 0.506250 0.681250 0.090625 0.090625
0 0.343750 0.570312 0.068750 0.068750
4 0.696875 0.645312 0.065625 0.065625
1 0.182812 0.604688 0.065625 0.065625
1 0.217188 0.640625 0.071875 0.071875
2 0.740625 0.537500 0.096875 0.096875
1 0.179688 0.642188 0.065625 0.065625
0 0.259375 0.514062 0.059375 0.059375
1 0.629687 0.665625 0.081250 0.081250
0 0.431250 0.618750 0.084375 0.084375
