1 0.748437 0.703125 0.078125 0.078125
0 0.103125 0.706250 0.084375 0.084375
2 0.425000 0.792188 0.056250 0.056250
0 0.181250 0.693750 0.096875 0.096875
0 0.570312 0.689063 0.071875 0.071875
3 0.171875 0.878125 0.062500 0.062500
2 0.376563 0.845313 0.078125 0.078125
2 0.668750 0.732812 0.068750 0.068750
0 0.700000 0.692187 0.096875 0.096875
0 0.776563 0.718750 0.078125 0.078125
0 0.532813 0.684375 0.071875 0.071875
1 0.428125 0.673438 0.059375 0.059375
1 0.232813 0.614062 0.078125 0.078125
2 0.553125 0.582812 0.068750 0.068750
1 0.659375 0.764062 0.100000 0.100000
0 0.887500 0.606250 0.078125 0.078125
2 0.465625 0.693750 0.090625 0.090625
0 0.403125 0.718750 0.087500 0.087500
