3 0.128125 0.607812 0.056250 0.056250
0 0.581250 0.565625 0.062500 0.062500
0 0.656250 0.659375 0.071875 0.071875
2 0.470313 0.793750 0.068750 0.068750
2 0.504687 0.595313 0.100000 0.100000
1 0.140625 0.760938 0.065625 0.065625
0 0.721875 0.542188 0.087500 0.087500
0 0.704688 0.495312 0.096875 0.096875
2 0.456250 0.587500 0.075000 0.075000
0 0.337500 0.546875 0.084375 0.084375
0 0.303125 0.626563 0.065625 0.065625
2 0.417187 0.639062 0.090625 0.090625
2 0.309375 0.554688 0.075000 0.075000
4 0.325000 0.550000 0.062500 0.062500
0 0.282813 0.525000 0.062500 0.062500
0 0.326562 0.584375 0.100000 0.100000
