0 0.831250 0.770312 0.071875 0.071875
0 0.615625 0.796875 0.071875 0.071875
2 0.700000 0.718750 0.075000 0.075000
0 0.223438 0.917188 0.078125 0.078125
0 0.176563 0.812500 0.087500 0.087500
0 0.157812 0.748437 0.093750 0.093750
0 0.489063 0.751563 0.062500 0.062500
0 0.850000 0.760938 0.087500 0.087500
0 0.442188 0.696875 0.071875 0.071875
0 0.276562 0.759375 0.093750 0.093750
2 0.590625 0.759375 0.068750 0.068750
1 0.693750 0.757812 0.075000 0.075000
3 0.410938 0.843750 0.087500 0.087500
0 0.575000 0.796875 0.096875 0.096875
