0 0.165625 0.600000 0.056250 0.056250
2 0.365625 0.504687 0.084375 0.084375
0 0.242188 0.706250 0.071875 0.071875
2 0.385937 0.628125 0.078125 0.078125
0 0.709375 0.620313 0.090625 0.090625
2 0.767188 0.501563 0.059375 0.059375
0 0.187500 0.475000 0.096875 0.096875
0 0.759375 0.642188 0.084375 0.084375
2 0.382812 0.532813 0.084375 0.084375
1 0.667188 0.468750 0.100000 0.100000
2 0.301563 0.485938 0.078125 0.078125
3 0.273438 0.631250 0.059375 0.059375
0 0.595313 0.526563 0.056250 0.056250
2 0.451562 0.678125 0.071875 0.071875
1 0.245312 0.560937 0.075000 0.075000
2 0.490625 0.471875 0.087500 0.087500
1 0.179688 0.585938 0.056250 0.056250
2 0.343750 0.496875 0.078125 0.078125
2 0.212500 0.573438 0.093750 0.093750
