2 0.320312 0.215625 0.093750 0.093750
2 0.881250 0.239063 0.081250 0.081250
0 0.878125 0.278125 0.084375 0.084375
0 0.857812 0.260937 0.056250 0.056250
0 0.415625 0.278125 0.062500 0.062500
3 0.610938 0.196875 0.056250 0.056250
0 0.320312 0.276562 0.096875 0.096875
1 0.209375 0.121875 0.071875 0.071875
2 0.726562 0.203125 0.071875 0.071875
0 0.345313 0.225000 0.090625 0.090625
3 0.871875 0.231250 0.081250 0.081250
2 0.664062 0.221875 0.065625 0.065625
2 0.373437 0.175000 0.068750 0.068750
0 0.095312 0.334375 0.090625 0.090625
3 0.718750 0.326562 0.084375 0.084375
0 0.601562 0.159375 0.100000 0.100000
2 0.446875 0.235937 0.078125 0.078125
0 0.217188 0.231250 0.065625 0.065625
0 0.604688 0.328125 0.059375 0.059375
