3 0.900000 0.601562 0.078125 0.078125
0 0.273438 0.573438 0.087500 0.087500
0 0.390625 0.726562 0.056250 0.056250
2 0.565625 0.521875 0.062500 0.062500
2 0.742188 0.579688 0.096875 0.096875
1 0.617188 0.717187 0.062500 0.062500
4 0.856250 0.681250 0.071875 0.071875
3 0.103125 0.625000 0.093750 0.093750
0 0.620313 0.678125 0.068750 0.068750
1 0.110937 0.623437 0.065625 0.065625
0 0.282813 0.693750 0.078125 0.078125
0 0.742188 0.567187 0.100000 0.100000
2 0.590625 0.482812 0.090625 0.090625
0 0.565625 0.595313 0.062500 0.062500
1 0.820312 0.664062 0.090625 0.090625
4 0.690625 0.551562 0.078125 0.078125
2 0.442188 0.671875 0.093750 0.093750
0 0.223438 0.543750 0.071875 0.071875
0 0.271875 0.615625 0.056250 0.056250
2 0.901563 0.653125 0.062500 0.062500
0 0.800000 0.710938 0.059375 0.059375
2 0.875000 0.698438 0.093750 0.093750
