0 0.779687 0.642188 0.065625 0.065625
0 0.193750 0.795312 0.084375 0.084375
0 0.392188 0.695312 0.059375 0.059375
0 0.876563 0.759375 0.081250 0.081250
4 0.593750 0.646875 0.084375 0.084375
0 0.656250 0.670312 0.096875 0.096875
1 0.368750 0.767188 0.068750 0.068750
3 0.228125 0.625000 0.087500 0.087500
0 0.281250 0.726562 0.071875 0.071875
2 0.714063 0.759375 0.075000 0.075000
1 0.706250 0.653125 0.081250 0.081250
2 0.370312 0.762500 0.081250 0.081250
0 0.554688 0.762500 0.078125 0.078125
2 0.667188 0.771875 0.056250 0.056250
1 0.404687 0.796875 0.081250 0.081250
2 0.746875 0.559375 0.087500 0.087500
1 0.803125 0.696875 0.056250 0.056250
2 0.445312 0.726562 0.068750 0.068750
0 0.453125 0.684375 0.078125 0.078125
1 0.885938 0.715625 0.081250 0.081250
1 0.275000 0.715625 0.071875 0.071875
1 0.159375 0.810937 0.093750 0.093750
