0 0.142187 0.464062 0.096875 0.096875
2 0.846875 0.551562 0.078125 0.078125
0 0.259375 0.451562 0.056250 0.056250
1 0.337500 0.442188 0.096875 0.096875
0 0.764062 0.412500 0.096875 0.096875
2 0.182812 0.350000 0.071875 0.071875
0 0.537500 0.490625 0.096875 0.096875
0 0.120313 0.401562 0.100000 0.100000
0 0.364063 0.543750 0.100000 0.100000
4 0.679688 0.287500 0.075000 0.075000
1 0.190625 0.437500 0.059375 0.059375
0 0.895312 0.485938 0.062500 0.062500
1 0.534375 0.496875 0.084375 0.084375
0 0.901563 0.370312 0.096875 0.096875
2 0.098437 0.506250 0.068750 0.068750
0 0.654687 0.510938 0.096875 0.096875
2 0.834375 0.504687 0.059375 0.059375
0 0.237500 0.464062 0.071875 0.071875
