1 0.560937 0.381250 0.090625 0.090625
1 0.903125 0.257812 0.062500 0.062500
2 0.628125 0.398438 0.096875 0.096875
0 0.415625 0.331250 0.093750 0.093750
0 0.851562 0.425000 0.071875 0.071875
0 0.367188 0.456250 0.093750 0.093750
1 0.485938 0.432812 0.062500 0.062500
2 0.767188 0.406250 0.075000 0.075000
1 0.748437 0.362500 0.100000 0.100000
1 0.671875 0.468750 0.093750 0.093750
0 0.204687 0.373437 0.059375 0.059375
0 0.735938 0.439063 0.056250 0.056250
1 0.151562 0.393750 0.087500 0.087500
3 0.334375 0.417187 0.087500 0.087500
4 0.565625 0.385937 0.075000 0.075000
1 0.579688 0.389062 0.071875 0.071875
0 0.540625 0.339062 0.100000 0.100000
1 0.328125 0.375000 0.065625 0.065625
2 0.800000 0.326562 0.090625 0.090625
0 0.740625 0.420312 0.059375 0.059375
0 0.628125 0.256250 0.075000 0.075000
2 0.295312 0.312500 0.065625 0.065625
