1 0.179688 0.321875 0.100000 0.100000
2 0.378125 0.268750 0.075000 0.075000
1 0.825000 0.275000 0.068750 0.068750
0 0.296875 0.195312 0.056250 0.056250
2 0.189062 0.285938 0.078125 0.078125
1 0.367188 0.325000 0.093750 0.093750
0 0.565625 0.193750 0.087500 0.087500
3 0.365625 0.217188 0.084375 0.084375
4 0.460938 0.409375 0.078125 0.078125
2 0.439063 0.362500 0.084375 0.084375
1 0.832812 0.271875 0.090625 0.090625
2 0.489063 0.403125 0.071875 0.071875
1 0.448437 0.364063 0.062500 0.062500
3 0.101562 0.234375 0.075000 0.075000
4 0.157812 0.406250 0.081250 0.081250
