2 0.635938 0.426563 0.062500 0.062500
1 0.734375 0.485938 0.059375 0.059375
0 0.142187 0.523438 0.075000 0.075000
1 0.639062 0.498437 0.062500 0.062500
1 0.612500 0.465625 0.059375 0.059375
2 0.342187 0.362500 0.062500 0.062500
2 0.171875 0.426563 0.087500 0.087500
1 0.800000 0.403125 0.075000 0.075000
0 0.275000 0.432812 0.087500 0.087500
2 0.871875 0.479687 0.081250 0.081250
2 0.165625 0.487500 0.056250 0.056250
0 0.575000 0.650000 0.065625 0.065625
2 0.501563 0.443750 0.078125 0.078125
2 0.373437 0.485938 0.062500 0.062500
1 0.460938 0.318750 0.093750 0.093750
1 0.728125 0.451562 0.096875 0.096875
2 0.790625 0.607812 0.096875 0.096875
0 0.779687 0.468750 0.084375 0.084375
1 0.760938 0.434375 0.071875 0.071875
