3 0.562500 0.229687 0.084375 0.084375
1 0.593750 0.206250 0.081250 0.081250
3 0.656250 0.204687 0.090625 0.090625
0 0.164062 0.218750 0.065625 0.065625
0 0.320312 0.229687 0.062500 0.062500
2 0.439063 0.395313 0.084375 0.084375
1 0.298438 0.260937 0.081250 0.081250
0 0.703125 0.198437 0.087500 0.087500
3 0.732812 0.107813 0.087500 0.087500
1 0.321875 0.315625 0.081250 0.081250
0 0.523438 0.378125 0.065625 0.065625
2 0.354687 0.267188 0.075000 0.075000
2 0.598437 0.343750 0.056250 0.056250
4 0.489063 0.267188 0.059375 0.059375
0 0.268750 0.242188 0.071875 0.071875
2 0.673438 0.204687 0.100000 0.100000
