0 0.315625 0.428125 0.100000 0.100000
1 0.760938 0.467187 0.062500 0.062500
0 0.293750 0.420312 0.056250 0.056250
0 0.871875 0.421875 0.087500 0.087500
1 0.310937 0.489063 0.075000 0.075000
2 0.773438 0.453125 0.084375 0.084375
0 0.771875 0.331250 0.071875 0.071875
0 0.771875 0.379688 0.084375 0.084375
0 0.890625 0.431250 0.081250 0.081250
0 0.679688 0.360938 0.056250 0.056250
4 0.865625 0.393750 0.078125 0.078125
4 0.220312 0.370312 0.062500 0.062500
2 0.540625 0.376563 0.100000 0.100000
2 0.485938 0.407813 0.078125 0.078125
2 0.217188 0.368750 0.084375 0.084375
0 0.178125 0.323437 0.100000 0.100000
0 0.110937 0.321875 0.078125 0.078125
1 0.623437 0.418750 0.075000 0.075000
