1 0.639062 0.625000 0.078125 0.078125
2 0.635938 0.696875 0.075000 0.075000
0 0.712500 0.814063 0.065625 0.065625
0 0.212500 0.807813 0.078125 0.078125
0 0.117188 0.696875 0.062500 0.062500
2 0.587500 0.543750 0.093750 0.093750
2 0.890625 0.667188 0.059375 0.059375
1 0.364063 0.757812 0.068750 0.068750
1 0.657813 0.704688 0.059375 0.059375
0 0.829688 0.717187 0.068750 0.068750
2 0.800000 0.798438 0.087500 0.087500
3 0.290625 0.800000 0.071875 0.071875
2 0.734375 0.706250 0.075000 0.075000
2 0.300000 0.642188 0.084375 0.084375
3 0.690625 0.750000 0.059375 0.059375
2 0.903125 0.584375 0.087500 0.087500
0 0.184375 0.764062 0.090625 0.090625
2 0.106250 0.737500 0.075000 0.075000
