4 0.382812 0.390625 0.056250 0.056250
2 0.570312 0.234375 0.075000 0.075000
2 0.506250 0.320312 0.075000 0.075000
3 0.285938 0.329688 0.084375 0.084375
1 0.881250 0.296875 0.081250 0.081250
2 0.709375 0.332813 0.071875 0.071875
1 0.743750 0.264062 0.059375 0.059375
1 0.745313 0.178125 0.056250 0.056250
0 0.254688 0.165625 0.065625 0.065625
2 0.293750 0.257812 0.059375 0.059375
2 0.893750 0.348438 0.065625 0.065625
2 0.320312 0.139063 0.093750 0.093750
0 0.770312 0.426563 0.100000 0.100000
1 0.159375 0.359375 0.096875 0.096875
2 0.360938 0.281250 0.056250 0.056250
0 0.864062 0.275000 0.087500 0.087500
1 0.654687 0.332813 0.096875 0.096875
