2 0.250000 0.542188 0.078125 0.078125
1 0.226562 0.539062 0.090625 0.090625
1 0.442188 0.545312 0.062500 0.062500
1 0.475000 0.531250 0.078125 0.078125
2 0.351562 0.525000 0.090625 0.090625
1 0.131250 0.625000 0.062500 0.062500
2 0.742188 0.537500 0.062500 0.062500
2 0.685937 0.471875 0.056250 0.056250
2 0.206250 0.470313 0.075000 0.075000
2 0.625000 0.490625 0.093750 0.093750
0 0.425000 0.537500 0.093750 0.093750
2 0.629687 0.546875 0.100000 0.100000
2 0.175000 0.525000 0.059375 0.059375
1 0.837500 0.500000 0.062500 0.062500
2 0.200000 0.503125 0.081250 0.081250
