1 0.221875 0.814063 0.096875 0.096875
1 0.600000 0.623437 0.087500 0.087500
2 0.873437 0.745313 0.059375 0.059375
0 0.553125 0.720313 0.065625 0.065625
2 0.787500 0.850000 0.090625 0.090625
2 0.803125 0.717187 0.062500 0.062500
2 0.139063 0.851562 0.068750 0.068750
1 0.782813 0.767188 0.062500 0.062500
0 0.751563 0.618750 0.062500 0.062500
0 0.704688 0.682813 0.084375 0.084375
2 0.889062 0.765625 0.078125 0.078125
2 0.828125 0.712500 0.068750 0.068750
2 0.837500 0.818750 0.062500 0.062500
0 0.645312 0.671875 0.084375 0.084375
0 0.771875 0.704688 0.068750 0.068750
0 0.707812 0.660937 0.096875 0.096875
1 0.471875 0.684375 0.068750 0.068750
4 0.565625 0.776563 0.056250 0.056250
4 0.726562 0.720313 0.087500 0.087500
