2 0.395313 0.492188 0.084375 0.084375
1 0.381250 0.373437 0.062500 0.062500
2 0.723437 0.370312 0.087500 0.087500
2 0.204687 0.426563 0.078125 0.078125
3 0.737500 0.439063 0.059375 0.059375
2 0.312500 0.364063 0.084375 0.084375
0 0.707812 0.256250 0.056250 0.056250
0 0.114062 0.389062 0.056250 0.056250
0 0.226562 0.281250 0.068750 0.068750
0 0.114062 0.382812 0.093750 0.093750
0 0.634375 0.373437 0.096875 0.096875
2 0.417187 0.456250 0.100000 0.100000
1 0.354687 0.471875 0.068750 0.068750
0 0.340625 0.384375 0.068750 0.068750
2 0.290625 0.468750 0.056250 0.056250
2 0.257812 0.350000 0.100000 0.100000
2 0.320312 0.373437 0.056250 0.056250
3 0.131250 0.390625 0.071875 0.071875
2 0.454688 0.448437 0.100000 0.100000
2 0.707812 0.339062 0.100000 0.100000
0 0.364063 0.279687 0.059375 0.059375
