0 0.540625 0.365625 0.065625 0.065625
1 0.853125 0.220312 0.081250 0.081250
1 0.393750 0.354687 0.096875 0.096875
0 0.668750 0.256250 0.096875 0.096875
0 0.614062 0.232813 0.078125 0.078125
1 0.223438 0.209375 0.071875 0.071875
1 0.854688 0.392188 0.100000 0.100000
0 0.709375 0.243750 0.068750 0.068750
2 0.321875 0.351562 0.093750 0.093750
2 0.900000 0.150000 0.056250 0.056250
0 0.232813 0.221875 0.081250 0.081250
4 0.840625 0.353125 0.062500 0.062500
2 0.278125 0.168750 0.065625 0.065625
0 0.235937 0.264062 0.059375 0.059375
1 0.139063 0.340625 0.100000 0.100000
1 0.542188 0.390625 0.065625 0.065625
2 0.854688 0.353125 0.087500 0.087500
