4 0.867188 0.723437 0.071875 0.071875
0 0.873437 0.767188 0.065625 0.065625
0 0.423438 0.815625 0.081250 0.081250
3 0.670312 0.642188 0.100000 0.100000
0 0.610938 0.862500 0.059375 0.059375
2 0.531250 0.787500 0.081250 0.081250
1 0.695312 0.714063 0.087500 0.087500
1 0.217188 0.693750 0.100000 0.100000
0 0.742188 0.754687 0.071875 0.071875
2 0.645312 0.681250 0.084375 0.084375
0 0.315625 0.767188 0.078125 0.078125
0 0.215625 0.704688 0.062500 0.062500
0 0.671875 0.756250 0.084375 0.084375
2 0.282813 0.723437 0.071875 0.071875
2 0.864062 0.700000 0.087500 0.087500
1 0.429688 0.676562 0.075000 0.075000
0 0.162500 0.706250 0.062500 0.062500
1 0.350000 0.815625 0.100000 0.100000
1 0.182812 0.823438 0.062500 0.062500
0 0.381250 0.690625 0.084375 0.084375
2 0.546875 0.754687 0.059375 0.059375
