0 0.671875 0.460938 0.071875 0.071875
1 0.095312 0.287500 0.100000 0.100000
0 0.460938 0.301563 0.062500 0.062500
1 0.164062 0.393750 0.071875 0.071875
1 0.381250 0.448437 0.075000 0.075000
0 0.590625 0.278125 0.056250 0.056250
0 0.767188 0.460938 0.062500 0.062500
0 0.262500 0.348438 0.087500 0.087500
2 0.740625 0.382812 0.093750 0.093750
2 0.350000 0.339062 0.075000 0.075000
2 0.110937 0.459375 0.078125 0.078125
2 0.735938 0.356250 0.075000 0.075000
0 0.278125 0.387500 0.084375 0.084375
2 0.814063 0.254688 0.090625 0.090625
0 0.676562 0.375000 0.059375 0.059375
2 0.771875 0.309375 0.087500 0.087500
0 0.104688 0.364063 0.071875 0.071875
3 0.506250 0.417187 0.090625 0.090625
2 0.789062 0.496875 0.056250 0.056250
1 0.156250 0.434375 0.071875 0.071875
