2 0.796875 0.546875 0.071875 0.071875
1 0.310937 0.507812 0.090625 0.090625
0 0.595313 0.628125 0.062500 0.062500
4 0.603125 0.510938 0.078125 0.078125
4 0.481250 0.642188 0.071875 0.071875
1 0.721875 0.429688 0.065625 0.065625
1 0.381250 0.659375 0.087500 0.087500
2 0.135937 0.610938 0.090625 0.090625
0 0.559375 0.515625 0.096875 0.096875
2 0.746875 0.520312 0.068750 0.068750
0 0.339062 0.504687 0.090625 0.090625
1 0.696875 0.729688 0.078125 0.078125
1 0.903125 0.632812 0.100000 0.100000
3 0.762500 0.418750 0.071875 0.071875
2 0.229687 0.504687 0.059375 0.059375
2 0.660937 0.585938 0.084375 0.084375
4 0.732812 0.620313 0.093750 0.093750
0 0.781250 0.562500 0.065625 0.065625
1 0.446875 0.556250 0.078125 0.078125
1 0.834375 0.550000 0.081250 0.081250
