0 0.537500 0.617188 0.100000 0.100000
2 0.325000 0.542188 0.096875 0.096875
0 0.148438 0.698438 0.096875 0.096875
2 0.179688 0.570312 0.065625 0.065625
0 0.707812 0.500000 0.068750 0.068750
2 0.673438 0.701562 0.081250 0.081250
2 0.801562 0.553125 0.075000 0.075000
0 0.721875 0.754687 0.068750 0.068750
0 0.470313 0.545312 0.068750 0.068750
0 0.350000 0.698438 0.100000 0.100000
2 0.743750 0.564063 0.093750 0.093750
0 0.221875 0.687500 0.078125 0.078125
2 0.625000 0.465625 0.090625 0.090625
1 0.253125 0.662500 0.081250 0.081250
0 0.765625 0.517188 0.084375 0.084375
2 0.615625 0.598437 0.056250 0.056250
2 0.387500 0.618750 0.087500 0.087500
1 0.310937 0.660937 0.068750 0.068750
