1 0.600000 0.745313 0.084375 0.084375
2 0.900000 0.559375 0.075000 0.075000
2 0.806250 0.696875 0.078125 0.078125
1 0.489063 0.535937 0.096875 0.096875
2 0.868750 0.565625 0.059375 0.059375
2 0.468750 0.565625 0.068750 0.068750
0 0.221875 0.637500 0.090625 0.090625
0 0.435937 0.642188 0.059375 0.059375
1 0.621875 0.535937 0.065625 0.065625
2 0.715625 0.585938 0.100000 0.100000
2 0.125000 0.678125 0.075000 0.075000
1 0.656250 0.510938 0.068750 0.068750
2 0.764062 0.493750 0.093750 0.093750
2 0.445312 0.578125 0.078125 0.078125
0 0.790625 0.535937 0.087500 0.087500
2 0.740625 0.610938 0.090625 0.090625
0 0.840625 0.776563 0.081250 0.081250
0 0.723437 0.509375 0.084375 0.084375
