2 0.612500 0.465625 0.075000 0.075000
4 0.564063 0.362500 0.059375 0.059375
2 0.276562 0.479687 0.096875 0.096875
2 0.437500 0.320312 0.075000 0.075000
0 0.818750 0.515625 0.075000 0.075000
1 0.245312 0.431250 0.068750 0.068750
1 0.337500 0.507812 0.087500 0.087500
3 0.200000 0.476562 0.075000 0.075000
0 0.689063 0.468750 0.093750 0.093750
0 0.189062 0.376563 0.071875 0.071875
2 0.750000 0.407813 0.071875 0.071875
2 0.770312 0.528125 0.068750 0.068750
2 0.656250 0.370312 0.059375 0.059375
1 0.432812 0.498437 0.096875 0.096875
0 0.681250 0.518750 0.059375 0.059375
2 0.454688 0.500000 0.093750 0.093750
2 0.134375 0.326562 0.084375 0.084375
