1 0.503125 0.787500 0.056250 0.056250
1 0.206250 0.917188 0.087500 0.087500
1 0.220312 0.771875 0.078125 0.078125
2 0.190625 0.685937 0.100000 0.100000
1 0.682813 0.846875 0.093750 0.093750
2 0.518750 0.646875 0.096875 0.096875
0 0.439063 0.739062 0.081250 0.081250
0 0.462500 0.715625 0.081250 0.081250
2 0.379688 0.751563 0.081250 0.081250
2 0.757812 0.757812 0.084375 0.084375
1 0.826562 0.640625 0.090625 0.090625
2 0.259375 0.781250 0.075000 0.075000
1 0.345313 0.796875 0.081250 0.081250
4 0.801562 0.896875 0.081250 0.081250
4 0.612500 0.698438 0.096875 0.096875
