2 0.314063 0.589063 0.096875 0.096875
2 0.282813 0.509375 0.090625 0.090625
3 0.253125 0.434375 0.065625 0.065625
1 0.634375 0.539062 0.087500 0.087500
2 0.350000 0.418750 0.075000 0.075000
4 0.101562 0.553125 0.078125 0.078125
3 0.789062 0.387500 0.059375 0.059375
0 0.448437 0.443750 0.090625 0.090625
1 0.734375 0.578125 0.084375 0.084375
2 0.551562 0.487500 0.093750 0.093750
2 0.884375 0.418750 0.078125 0.078125
0 0.550000 0.550000 0.081250 0.081250
1 0.464062 0.625000 0.084375 0.084375
0 0.150000 0.445312 0.062500 0.062500
0 0.534375 0.587500 0.093750 0.093750
1 0.725000 0.471875 0.056250 0.056250
2 0.203125 0.534375 0.100000 0.100000
0 0.548438 0.496875 0.084375 0.084375
0 0.535937 0.421875 0.065625 0.065625
2 0.404687 0.442188 0.056250 0.056250
