0 0.345313 0.531250 0.078125 0.078125
0 0.634375 0.748437 0.087500 0.087500
0 0.662500 0.431250 0.087500 0.087500
0 0.264062 0.567187 0.081250 0.081250
2 0.648438 0.567187 0.093750 0.093750
2 0.401562 0.598437 0.090625 0.090625
0 0.156250 0.539062 0.078125 0.078125
2 0.564063 0.453125 0.084375 0.084375
0 0.650000 0.510938 0.071875 0.071875
2 0.532813 0.593750 0.096875 0.096875
1 0.203125 0.462500 0.081250 0.081250
0 0.565625 0.567187 0.078125 0.078125
0 0.903125 0.453125 0.075000 0.075000
2 0.123438 0.482812 0.084375 0.084375
0 0.193750 0.485938 0.087500 0.087500
4 0.712500 0.570312 0.093750 0.093750
1 0.545312 0.629687 0.071875 0.071875
1 0.607812 0.596875 0.059375 0.059375
0 0.300000 0.585938 0.062500 0.062500
2 0.415625 0.565625 0.056250 0.056250
