1 0.120313 0.604688 0.068750 0.068750
0 0.781250 0.650000 0.093750 0.093750
3 0.379688 0.682813 0.062500 0.062500
0 0.496875 0.678125 0.096875 0.096875
1 0.728125 0.815625 0.078125 0.078125
1 0.454688 0.743750 0.068750 0.068750
2 0.221875 0.581250 0.093750 0.093750
0 0.742188 0.545312 0.075000 0.075000
1 0.854688 0.667188 0.062500 0.062500
0 0.787500 0.662500 0.087500 0.087500
2 0.245312 0.782813 0.065625 0.065625
0 0.853125 0.564063 0.068750 0.068750
0 0.212500 0.637500 0.081250 0.081250
1 0.145313 0.607812 0.062500 0.062500
3 0.596875 0.706250 0.062500 0.062500
2 0.729688 0.664062 0.100000 0.100000
