2 0.225000 0.510938 0.062500 0.062500
0 0.589063 0.498437 0.059375 0.059375
1 0.418750 0.604688 0.071875 0.071875
1 0.198437 0.559375 0.068750 0.068750
2 0.475000 0.592187 0.075000 0.075000
0 0.181250 0.575000 0.068750 0.068750
2 0.373437 0.645312 0.090625 0.090625
0 0.887500 0.640625 0.071875 0.071875
1 0.507812 0.582812 0.093750 0.093750
2 0.281250 0.596875 0.093750 0.093750
2 0.629687 0.584375 0.059375 0.059375
0 0.215625 0.514062 0.078125 0.078125
1 0.668750 0.695312 0.062500 0.062500
1 0.501563 0.612500 0.093750 0.093750
