0 0.906250 0.350000 0.059375 0.059375
0 0.756250 0.312500 0.071875 0.071875
3 0.904687 0.350000 0.090625 0.090625
0 0.876563 0.354687 0.096875 0.096875
0 0.867188 0.300000 0.081250 0.081250
1 0.607812 0.423438 0.096875 0.096875
0 0.475000 0.304688 0.093750 0.093750
1 0.601562 0.328125 0.090625 0.090625
1 0.703125 0.271875 0.096875 0.096875
2 0.335938 0.417187 0.078125 0.078125
4 0.295312 0.256250 0.096875 0.096875
0 0.796875 0.350000 0.059375 0.059375
1 0.823438 0.387500 0.096875 0.096875
2 0.340625 0.353125 0.059375 0.059375
