3 0.818750 0.570312 0.096875 0.096875
2 0.282813 0.587500 0.096875 0.096875
2 0.518750 0.626563 0.068750 0.068750
2 0.704688 0.675000 0.084375 0.084375
0 0.545312 0.681250 0.090625 0.090625
2 0.762500 0.632812 0.056250 0.056250
0 0.512500 0.693750 0.065625 0.065625
2 0.490625 0.509375 0.078125 0.078125
0 0.843750 0.657813 0.062500 0.062500
2 0.729688 0.539062 0.090625 0.090625
1 0.503125 0.479687 0.059375 0.059375
0 0.187500 0.734375 0.078125 0.078125
3 0.165625 0.632812 0.056250 0.056250
0 0.703125 0.559375 0.071875 0.071875
0 0.159375 0.646875 0.084375 0.084375
0 0.364063 0.420312 0.100000 0.100000
1 0.235937 0.578125 0.071875 0.071875
2 0.785937 0.603125 0.056250 0.056250
4 0.892188 0.607812 0.096875 0.096875
4 0.542188 0.579688 0.068750 0.068750
