0 0.615625 0.523438 0.084375 0.084375
0 0.725000 0.653125 0.075000 0.075000
0 0.434375 0.614062 0.056250 0.056250
1 0.598437 0.603125 0.056250 0.056250
1 0.826562 0.584375 0.068750 0.068750
2 0.682813 0.665625 0.056250 0.056250
0 0.442188 0.464062 0.078125 0.078125
4 0.256250 0.628125 0.090625 0.090625
1 0.367188 0.565625 0.071875 0.071875
4 0.714063 0.596875 0.087500 0.087500
3 0.306250 0.517188 0.100000 0.100000
2 0.864062 0.651563 0.059375 0.059375
0 0.810937 0.492188 0.065625 0.065625
1 0.114062 0.632812 0.065625 0.065625
0 0.292187 0.525000 0.093750 0.093750
0 0.220312 0.671875 0.056250 0.056250
