0 0.626563 0.284375 0.071875 0.071875
2 0.350000 0.254688 0.068750 0.068750
2 0.734375 0.400000 0.096875 0.096875
2 0.151562 0.248438 0.071875 0.071875
0 0.739062 0.321875 0.096875 0.096875
1 0.095312 0.259375 0.075000 0.075000
0 0.671875 0.232813 0.084375 0.084375
2 0.800000 0.307812 0.081250 0.081250
0 0.553125 0.259375 0.078125 0.078125
2 0.868750 0.442188 0.084375 0.084375
2 0.346875 0.435937 0.068750 0.068750
1 0.745313 0.487500 0.100000 0.100000
0 0.281250 0.426563 0.087500 0.087500
2 0.890625 0.359375 0.090625 0.090625
0 0.865625 0.282813 0.078125 0.078125
