4 0.189062 0.456250 0.078125 0.078125
0 0.704688 0.567187 0.075000 0.075000
1 0.451562 0.484375 0.075000 0.075000
1 0.581250 0.515625 0.056250 0.056250
1 0.650000 0.615625 0.093750 0.093750
2 0.512500 0.415625 0.093750 0.093750
2 0.439063 0.475000 0.096875 0.096875
2 0.776563 0.409375 0.093750 0.093750
2 0.184375 0.504687 0.090625 0.090625
3 0.553125 0.390625 0.096875 0.096875
4 0.834375 0.375000 0.093750 0.093750
1 0.353125 0.525000 0.075000 0.075000
1 0.473438 0.481250 0.093750 0.093750
2 0.531250 0.481250 0.059375 0.059375
4 0.565625 0.437500 0.084375 0.084375
0 0.523438 0.532813 0.087500 0.087500
0 0.112500 0.537500 0.071875 0.071875
2 0.379688 0.537500 0.078125 0.078125
1 0.796875 0.492188 0.071875 0.071875
1 0.442188 0.473438 0.075000 0.075000
0 0.220312 0.457813 0.071875 0.071875
