0 0.840625 0.800000 0.100000 0.100000
0 0.592187 0.826562 0.087500 0.087500
2 0.606250 0.725000 0.065625 0.065625
0 0.535937 0.592187 0.087500 0.087500
0 0.331250 0.685937 0.062500 0.062500
0 0.117188 0.795312 0.059375 0.059375
0 0.653125 0.687500 0.081250 0.081250
0 0.318750 0.828125 0.084375 0.084375
0 0.206250 0.665625 0.068750 0.068750
2 0.634375 0.687500 0.056250 0.056250
1 0.173437 0.704688 0.059375 0.059375
1 0.231250 0.670312 0.084375 0.084375
2 0.806250 0.728125 0.084375 0.084375
1 0.625000 0.754687 0.087500 0.087500
2 0.218750 0.609375 0.100000 0.100000
2 0.837500 0.681250 0.093750 0.093750
3 0.842187 0.696875 0.059375 0.059375
1 0.837500 0.542188 0.062500 0.062500
2 0.506250 0.740625 0.100000 0.100000
1 0.385937 0.678125 0.093750 0.093750
2 0.612500 0.610938 0.078125 0.078125
