2 0.867188 0.725000 0.059375 0.059375
0 0.126562 0.690625 0.065625 0.065625
2 0.320312 0.706250 0.071875 0.071875
1 0.484375 0.553125 0.075000 0.075000
1 0.235937 0.598437 0.065625 0.065625
3 0.696875 0.531250 0.100000 0.100000
2 0.812500 0.509375 0.100000 0.100000
1 0.517188 0.703125 0.071875 0.071875
1 0.760938 0.614062 0.068750 0.068750
0 0.159375 0.553125 0.096875 0.096875
2 0.785937 0.596875 0.093750 0.093750
1 0.648438 0.604688 0.078125 0.078125
3 0.328125 0.828125 0.078125 0.078125
2 0.556250 0.575000 0.068750 0.068750
1 0.196875 0.576562 0.093750 0.093750
0 0.818750 0.703125 0.084375 0.084375
0 0.875000 0.662500 0.068750 0.068750
0 0.656250 0.648438 0.068750 0.068750
0 0.546875 0.646875 0.093750 0.093750
2 0.340625 0.754687 0.062500 0.062500
