1 0.264062 0.695312 0.078125 0.078125
0 0.567187 0.817187 0.096875 0.096875
0 0.821875 0.798438 0.090625 0.090625
2 0.148438 0.809375 0.084375 0.084375
0 0.896875 0.800000 0.096875 0.096875
2 0.857812 0.762500 0.087500 0.087500
2 0.884375 0.717187 0.056250 0.056250
4 0.626563 0.937500 0.062500 0.062500
2 0.429688 0.857812 0.065625 0.065625
2 0.176563 0.631250 0.100000 0.100000
2 0.379688 0.834375 0.068750 0.068750
4 0.348438 0.676562 0.056250 0.056250
1 0.632812 0.693750 0.071875 0.071875
2 0.718750 0.800000 0.059375 0.059375
1 0.545312 0.732812 0.090625 0.090625
2 0.723437 0.918750 0.059375 0.059375
0 0.179688 0.828125 0.078125 0.078125
