1 0.179688 0.625000 0.071875 0.071875
0 0.232813 0.645312 0.084375 0.084375
1 0.248438 0.771875 0.056250 0.056250
0 0.559375 0.751563 0.059375 0.059375
0 0.729688 0.662500 0.078125 0.078125
1 0.517188 0.746875 0.062500 0.062500
1 0.703125 0.720313 0.071875 0.071875
0 0.164062 0.667188 0.065625 0.065625
2 0.192188 0.751563 0.062500 0.062500
2 0.248438 0.728125 0.081250 0.081250
1 0.456250 0.706250 0.081250 0.081250
0 0.712500 0.703125 0.081250 0.081250
2 0.853125 0.607812 0.084375 0.084375
2 0.854688 0.653125 0.096875 0.096875
2 0.896875 0.739062 0.084375 0.084375
3 0.328125 0.759375 0.062500 0.062500
3 0.360938 0.753125 0.065625 0.065625
2 0.295312 0.700000 0.087500 0.087500
1 0.329688 0.679688 0.096875 0.096875
1 0.604688 0.804688 0.059375 0.059375
0 0.728125 0.590625 0.081250 0.081250
