0 0.692187 0.465625 0.068750 0.068750
0 0.265625 0.517188 0.078125 0.078125
0 0.535937 0.464062 0.068750 0.068750
2 0.570312 0.443750 0.065625 0.065625
0 0.478125 0.653125 0.093750 0.093750
2 0.739062 0.478125 0.087500 0.087500
0 0.317188 0.534375 0.068750 0.068750
0 0.762500 0.451562 0.075000 0.075000
1 0.150000 0.354687 0.096875 0.096875
0 0.448437 0.439063 0.087500 0.087500
1 0.854688 0.637500 0.081250 0.081250
0 0.365625 0.493750 0.096875 0.096875
2 0.382812 0.531250 0.090625 0.090625
0 0.385937 0.626563 0.087500 0.087500
2 0.235937 0.559375 0.096875 0.096875
0 0.623437 0.600000 0.071875 0.071875
0 0.564063 0.518750 0.056250 0.056250
