2 0.507812 0.534375 0.096875 0.096875
1 0.456250 0.414062 0.084375 0.084375
2 0.465625 0.412500 0.059375 0.059375
2 0.387500 0.385937 0.084375 0.084375
0 0.457813 0.314063 0.056250 0.056250
3 0.507812 0.453125 0.096875 0.096875
2 0.657813 0.439063 0.081250 0.081250
2 0.468750 0.425000 0.078125 0.078125
0 0.217188 0.462500 0.065625 0.065625
0 0.687500 0.490625 0.059375 0.059375
2 0.545312 0.348438 0.062500 0.062500
0 0.668750 0.404687 0.087500 0.087500
1 0.564063 0.501563 0.084375 0.084375
0 0.682813 0.595313 0.100000 0.100000
1 0.262500 0.484375 0.084375 0.084375
0 0.593750 0.318750 0.081250 0.081250
2 0.643750 0.432812 0.065625 0.065625
1 0.145313 0.418750 0.093750 0.093750
4 0.218750 0.407813 0.059375 0.059375
3 0.451562 0.215625 0.087500 0.087500
