2 0.789062 0.700000 0.081250 0.081250
2 0.589063 0.778125 0.065625 0.065625
2 0.800000 0.668750 0.068750 0.068750
1 0.509375 0.715625 0.081250 0.081250
2 0.310937 0.718750 0.071875 0.071875
0 0.106250 0.681250 0.093750 0.093750
1 0.107813 0.635938 0.093750 0.093750
1 0.560937 0.609375 0.081250 0.081250
1 0.751563 0.640625 0.100000 0.100000
1 0.725000 0.710938 0.087500 0.087500
1 0.698438 0.821875 0.065625 0.065625
0 0.768750 0.651563 0.093750 0.093750
3 0.528125 0.651563 0.068750 0.068750
2 0.523438 0.593750 0.062500 0.062500
0 0.270313 0.781250 0.087500 0.087500
