0 0.743750 0.625000 0.078125 0.078125
3 0.293750 0.743750 0.087500 0.087500
1 0.248438 0.745313 0.065625 0.065625
1 0.359375 0.657813 0.084375 0.084375
1 0.650000 0.643750 0.087500 0.087500
1 0.115625 0.676562 0.071875 0.071875
2 0.118750 0.614062 0.096875 0.096875
2 0.892188 0.689063 0.087500 0.087500
4 0.754687 0.578125 0.081250 0.081250
1 0.629687 0.667188 0.059375 0.059375
3 0.826562 0.593750 0.084375 0.084375
0 0.790625 0.651563 0.075000 0.075000
0 0.792188 0.560937 0.100000 0.100000
3 0.251563 0.551562 0.059375 0.059375
2 0.259375 0.642188 0.100000 0.100000
1 0.887500 0.639062 0.090625 0.090625
2 0.253125 0.578125 0.093750 0.093750
0 0.556250 0.571875 0.096875 0.096875
1 0.450000 0.646875 0.059375 0.059375
0 0.843750 0.545312 0.059375 0.059375
1 0.835938 0.521875 0.090625 0.090625
