1 0.143750 0.360938 0.056250 0.056250
0 0.204687 0.232813 0.100000 0.100000
4 0.546875 0.332813 0.081250 0.081250
0 0.184375 0.371875 0.071875 0.071875
1 0.367188 0.246875 0.075000 0.075000
0 0.270313 0.453125 0.062500 0.062500
1 0.857812 0.315625 0.100000 0.100000
2 0.301563 0.248438 0.096875 0.096875
0 0.784375 0.359375 0.062500 0.062500
2 0.589063 0.223438 0.084375 0.084375
0 0.826562 0.317188 0.062500 0.062500
1 0.731250 0.325000 0.084375 0.084375
2 0.618750 0.439063 0.078125 0.078125
1 0.156250 0.240625 0.090625 0.090625
0 0.823438 0.240625 0.093750 0.093750
0 0.373437 0.428125 0.075000 0.075000
0 0.784375 0.168750 0.062500 0.062500
2 0.245312 0.356250 0.075000 0.075000
