2 0.559375 0.254688 0.100000 0.100000
0 0.442188 0.357812 0.087500 0.087500
0 0.256250 0.301563 0.087500 0.087500
2 0.329688 0.201563 0.087500 0.087500
2 0.182812 0.482812 0.059375 0.059375
1 0.851562 0.353125 0.081250 0.081250
2 0.787500 0.364063 0.062500 0.062500
2 0.739062 0.343750 0.075000 0.075000
1 0.368750 0.378125 0.087500 0.087500
2 0.235937 0.367188 0.087500 0.087500
1 0.804688 0.206250 0.071875 0.071875
0 0.279687 0.414062 0.087500 0.087500
3 0.453125 0.382812 0.056250 0.056250
1 0.860938 0.326562 0.093750 0.093750
1 0.707812 0.457813 0.078125 0.078125
