2 0.559375 0.440625 0.090625 0.090625
2 0.440625 0.431250 0.100000 0.100000
1 0.287500 0.479687 0.059375 0.059375
1 0.614062 0.453125 0.075000 0.075000
1 0.496875 0.457813 0.056250 0.056250
0 0.831250 0.473438 0.075000 0.075000
0 0.731250 0.495312 0.056250 0.056250
0 0.310937 0.398438 0.071875 0.071875
2 0.835938 0.428125 0.081250 0.081250
2 0.793750 0.454688 0.062500 0.062500
1 0.539062 0.475000 0.056250 0.056250
2 0.376563 0.417187 0.068750 0.068750
0 0.718750 0.503125 0.056250 0.056250
2 0.339062 0.543750 0.078125 0.078125
1 0.439063 0.420312 0.081250 0.081250
0 0.168750 0.309375 0.096875 0.096875
2 0.257812 0.407813 0.056250 0.056250
1 0.170313 0.490625 0.093750 0.093750
1 0.415625 0.514062 0.065625 0.065625
0 0.118750 0.425000 0.075000 0.075000
0 0.115625 0.429688 0.087500 0.087500
0 0.246875 0.492188 0.093750 0.093750
