1 0.806250 0.392188 0.075000 0.075000
1 0.528125 0.437500 0.084375 0.084375
1 0.412500 0.309375 0.084375 0.084375
1 0.195312 0.259375 0.081250 0.081250
0 0.748437 0.443750 0.068750 0.068750
2 0.656250 0.371875 0.093750 0.093750
0 0.390625 0.418750 0.071875 0.071875
0 0.437500 0.362500 0.093750 0.093750
0 0.107813 0.342187 0.071875 0.071875
2 0.618750 0.418750 0.071875 0.071875
2 0.198437 0.485938 0.075000 0.075000
0 0.432812 0.367188 0.068750 0.068750
2 0.212500 0.393750 0.084375 0.084375
2 0.767188 0.368750 0.096875 0.096875
0 0.407813 0.331250 0.056250 0.056250
2 0.890625 0.451562 0.059375 0.059375
0 0.367188 0.414062 0.084375 0.084375
0 0.706250 0.398438 0.056250 0.056250
2 0.100000 0.412500 0.100000 0.100000
