2 0.765625 0.373437 0.100000 0.100000
0 0.493750 0.475000 0.059375 0.059375
1 0.692187 0.462500 0.084375 0.084375
2 0.140625 0.428125 0.090625 0.090625
1 0.306250 0.345313 0.087500 0.087500
1 0.412500 0.400000 0.087500 0.087500
0 0.415625 0.450000 0.090625 0.090625
0 0.400000 0.385937 0.087500 0.087500
0 0.146875 0.381250 0.093750 0.093750
0 0.101562 0.328125 0.081250 0.081250
2 0.637500 0.428125 0.062500 0.062500
2 0.887500 0.390625 0.096875 0.096875
1 0.656250 0.417187 0.071875 0.071875
2 0.314063 0.396875 0.087500 0.087500
1 0.206250 0.303125 0.084375 0.084375
0 0.570312 0.439063 0.056250 0.056250
2 0.621875 0.421875 0.056250 0.056250
0 0.556250 0.420312 0.090625 0.090625
1 0.345313 0.348438 0.068750 0.068750
