2 0.492188 0.421875 0.062500 0.062500
2 0.489063 0.340625 0.078125 0.078125
0 0.523438 0.229687 0.087500 0.087500
1 0.815625 0.445312 0.093750 0.093750
0 0.537500 0.390625 0.090625 0.090625
3 0.682813 0.257812 0.084375 0.084375
0 0.242188 0.356250 0.090625 0.090625
4 0.665625 0.407813 0.075000 0.075000
0 0.779687 0.234375 0.096875 0.096875
0 0.521875 0.309375 0.081250 0.081250
1 0.868750 0.384375 0.093750 0.093750
0 0.170313 0.428125 0.096875 0.096875
1 0.292187 0.360938 0.100000 0.100000
2 0.798438 0.125000 0.075000 0.075000
0 0.304688 0.392188 0.100000 0.100000
2 0.346875 0.434375 0.059375 0.059375
2 0.493750 0.232813 0.059375 0.059375
1 0.357812 0.426563 0.090625 0.090625
2 0.467187 0.365625 0.075000 0.075000
