0 0.564063 0.370312 0.078125 0.078125
2 0.214062 0.220312 0.068750 0.068750
2 0.610938 0.201563 0.068750 0.068750
0 0.210938 0.318750 0.075000 0.075000
0 0.189062 0.345313 0.068750 0.068750
3 0.517188 0.332813 0.100000 0.100000
0 0.721875 0.345313 0.062500 0.062500
2 0.267188 0.395313 0.065625 0.065625
2 0.262500 0.415625 0.100000 0.100000
1 0.507812 0.342187 0.084375 0.084375
2 0.806250 0.337500 0.056250 0.056250
2 0.331250 0.320312 0.056250 0.056250
2 0.518750 0.320312 0.062500 0.062500
2 0.718750 0.246875 0.093750 0.093750
1 0.790625 0.284375 0.075000 0.075000
2 0.204687 0.317188 0.090625 0.090625
2 0.864062 0.321875 0.059375 0.059375
1 0.667188 0.292187 0.056250 0.056250
2 0.237500 0.373437 0.071875 0.071875
