0 0.248438 0.601562 0.096875 0.096875
1 0.585938 0.735938 0.059375 0.059375
2 0.700000 0.704688 0.071875 0.071875
1 0.190625 0.818750 0.100000 0.100000
1 0.093750 0.779687 0.093750 0.093750
0 0.331250 0.656250 0.084375 0.084375
1 0.406250 0.726562 0.065625 0.065625
2 0.600000 0.673438 0.087500 0.087500
0 0.789062 0.829688 0.090625 0.090625
4 0.643750 0.803125 0.084375 0.084375
4 0.739062 0.706250 0.096875 0.096875
0 0.564063 0.850000 0.056250 0.056250
0 0.667188 0.767188 0.059375 0.059375
2 0.142187 0.720313 0.075000 0.075000
2 0.704688 0.818750 0.075000 0.075000
