0 0.859375 0.403125 0.100000 0.100000
0 0.420312 0.345313 0.071875 0.071875
2 0.701562 0.417187 0.078125 0.078125
1 0.667188 0.362500 0.100000 0.100000
1 0.250000 0.446875 0.093750 0.093750
4 0.843750 0.389062 0.065625 0.065625
1 0.754687 0.325000 0.056250 0.056250
1 0.446875 0.385937 0.081250 0.081250
3 0.760938 0.373437 0.068750 0.068750
0 0.620313 0.396875 0.065625 0.065625
1 0.632812 0.475000 0.068750 0.068750
2 0.875000 0.484375 0.078125 0.078125
1 0.656250 0.365625 0.062500 0.062500
0 0.875000 0.445312 0.087500 0.087500
3 0.146875 0.520312 0.096875 0.096875
2 0.170313 0.392188 0.096875 0.096875
2 0.201563 0.314063 0.090625 0.090625
0 0.442188 0.318750 0.084375 0.084375
2 0.865625 0.384375 0.087500 0.087500
