2 0.478125 0.534375 0.093750 0.093750
1 0.500000 0.559375 0.071875 0.071875
4 0.809375 0.578125 0.056250 0.056250
4 0.118750 0.578125 0.081250 0.081250
0 0.576562 0.779687 0.065625 0.065625
2 0.128125 0.585938 0.093750 0.093750
2 0.534375 0.651563 0.084375 0.084375
3 0.340625 0.537500 0.059375 0.059375
0 0.662500 0.607812 0.100000 0.100000
1 0.465625 0.623437 0.068750 0.068750
2 0.240625 0.496875 0.065625 0.065625
2 0.612500 0.539062 0.093750 0.093750
1 0.873437 0.626563 0.084375 0.084375
2 0.245312 0.482812 0.084375 0.084375
2 0.153125 0.567187 0.059375 0.059375
2 0.628125 0.487500 0.071875 0.071875
2 0.787500 0.456250 0.096875 0.096875
2 0.110937 0.648438 0.087500 0.087500
2 0.704688 0.657813 0.071875 0.071875
1 0.332813 0.606250 0.071875 0.071875
1 0.446875 0.637500 0.075000 0.075000
