2 0.704688 0.378125 0.096875 0.096875
0 0.845313 0.382812 0.078125 0.078125
0 0.457813 0.487500 0.065625 0.065625
0 0.401562 0.315625 0.059375 0.059375
4 0.539062 0.393750 0.071875 0.071875
2 0.732812 0.303125 0.071875 0.071875
3 0.278125 0.239063 0.100000 0.100000
4 0.378125 0.185938 0.056250 0.056250
0 0.787500 0.264062 0.071875 0.071875
2 0.595313 0.175000 0.059375 0.059375
1 0.396875 0.439063 0.068750 0.068750
0 0.790625 0.520312 0.081250 0.081250
2 0.407813 0.362500 0.071875 0.071875
1 0.621875 0.287500 0.059375 0.059375
2 0.573438 0.289062 0.081250 0.081250
0 0.746875 0.310937 0.081250 0.081250
0 0.765625 0.456250 0.087500 0.087500
3 0.371875 0.317188 0.081250 0.081250
2 0.579688 0.321875 0.068750 0.068750
0 0.607812 0.287500 0.065625 0.065625
