2 0.578125 0.406250 0.075000 0.075000
0 0.715625 0.348438 0.078125 0.078125
2 0.878125 0.318750 0.084375 0.084375
1 0.343750 0.285938 0.081250 0.081250
0 0.514062 0.189062 0.084375 0.084375
2 0.548438 0.379688 0.071875 0.071875
0 0.165625 0.420312 0.093750 0.093750
2 0.135937 0.423438 0.093750 0.093750
2 0.639062 0.321875 0.071875 0.071875
1 0.182812 0.425000 0.087500 0.087500
0 0.468750 0.318750 0.100000 0.100000
2 0.581250 0.300000 0.059375 0.059375
0 0.125000 0.356250 0.087500 0.087500
2 0.767188 0.371875 0.068750 0.068750
0 0.843750 0.201563 0.075000 0.075000
1 0.609375 0.268750 0.084375 0.084375
