1 0.573438 0.329688 0.096875 0.096875
0 0.371875 0.307812 0.059375 0.059375
4 0.315625 0.206250 0.065625 0.065625
2 0.134375 0.228125 0.078125 0.078125
2 0.300000 0.354687 0.084375 0.084375
2 0.198437 0.185938 0.090625 0.090625
1 0.750000 0.543750 0.093750 0.093750
1 0.210938 0.328125 0.059375 0.059375
1 0.643750 0.328125 0.062500 0.062500
2 0.384375 0.289062 0.081250 0.081250
3 0.181250 0.250000 0.096875 0.096875
0 0.337500 0.273438 0.100000 0.100000
2 0.646875 0.325000 0.081250 0.081250
2 0.218750 0.285938 0.081250 0.081250
0 0.578125 0.384375 0.084375 0.084375
1 0.896875 0.226562 0.084375 0.084375
