0 0.237500 0.454688 0.071875 0.071875
4 0.384375 0.581250 0.078125 0.078125
1 0.754687 0.510938 0.084375 0.084375
2 0.626563 0.682813 0.100000 0.100000
0 0.762500 0.703125 0.081250 0.081250
1 0.881250 0.448437 0.075000 0.075000
0 0.767188 0.550000 0.081250 0.081250
1 0.443750 0.560937 0.056250 0.056250
0 0.120313 0.526563 0.071875 0.071875
1 0.306250 0.595313 0.071875 0.071875
1 0.315625 0.564063 0.068750 0.068750
1 0.767188 0.579688 0.056250 0.056250
2 0.281250 0.706250 0.090625 0.090625
2 0.696875 0.564063 0.075000 0.075000
1 0.262500 0.467187 0.087500 0.087500
1 0.856250 0.648438 0.056250 0.056250
0 0.318750 0.454688 0.059375 0.059375
0 0.112500 0.459375 0.062500 0.062500
2 0.845313 0.521875 0.090625 0.090625
