0 0.403125 0.746875 0.081250 0.081250
2 0.698438 0.768750 0.068750 0.068750
0 0.323437 0.654687 0.087500 0.087500
0 0.257812 0.878125 0.059375 0.059375
0 0.545312 0.859375 0.068750 0.068750
2 0.242188 0.875000 0.100000 0.100000
2 0.718750 0.818750 0.059375 0.059375
1 0.128125 0.687500 0.087500 0.087500
0 0.764062 0.796875 0.075000 0.075000
2 0.814063 0.771875 0.056250 0.056250
3 0.143750 0.715625 0.059375 0.059375
4 0.648438 0.660937 0.081250 0.081250
0 0.500000 0.765625 0.100000 0.100000
0 0.140625 0.675000 0.093750 0.093750
0 0.676562 0.737500 0.059375 0.059375
2 0.140625 0.734375 0.090625 0.090625
2 0.295312 0.800000 0.068750 0.068750
0 0.412500 0.817187 0.081250 0.081250
2 0.840625 0.737500 0.090625 0.090625
2 0.790625 0.685937 0.065625 0.065625
0 0.409375 0.751563 0.087500 0.087500
2 0.542188 0.787500 0.093750 0.093750
