1 0.598437 0.339062 0.093750 0.093750
1 0.493750 0.292187 0.075000 0.075000
0 0.354687 0.340625 0.056250 0.056250
0 0.500000 0.278125 0.078125 0.078125
2 0.509375 0.389062 0.071875 0.071875
1 0.504687 0.335938 0.071875 0.071875
2 0.410938 0.434375 0.084375 0.084375
1 0.371875 0.431250 0.071875 0.071875
2 0.873437 0.368750 0.093750 0.093750
2 0.218750 0.332813 0.087500 0.087500
3 0.360938 0.414062 0.087500 0.087500
2 0.632812 0.290625 0.075000 0.075000
2 0.207813 0.420312 0.059375 0.059375
0 0.457813 0.335938 0.090625 0.090625
